Endeks	onceki	tepedeger	sonraki
11		5.50807	5.51079		3.5599
22		4.09985	4.38204		3.67928
33		1.28341	1.44621		1.28883
44		0.691901	0.700041	0.626781
54	0.501967	0.504681	0.477547
64	0.461267	0.46398	0.450414
74	0.43142	0.436847	0.434134
96	0.412427	0.41514	0.412427
119	0.404287	0.407	0.404287
126	0.407	0.409714	0.407
137	0.404287	0.407	0.404287
171	0.401574	0.404287	0.401574
174	0.401574	0.404287	0.401574
179	0.401574	0.404287	0.401574
182	0.401574	0.404287	0.401574
188	0.401574	0.404287	0.401574
233	0.39886	0.401574	0.39886
243	0.39886	0.401574	0.39886
249	0.401574	0.404287	0.401574
260	0.401574	0.404287	0.401574
267	0.407	0.409714	0.407
272	0.412427	0.41514	0.412427
291	0.425994	0.428707	0.425994
314	0.444987	0.4477	0.444987
320	0.450414	0.453127	0.450414
333	0.458554	0.461267	0.458554
338	0.461267	0.466694	0.46398
344	0.466694	0.469407	0.466694
384	0.491114	0.49654	0.493827
386	0.493827	0.49654	0.493827
405	0.504681	0.507394	0.504681
410	0.504681	0.507394	0.504681
419	0.512821	0.515534	0.512821
443	0.526387	0.529101	0.526387
458	0.534527	0.537241	0.534527
465	0.537241	0.539954	0.537241
500	0.553521	0.558947	0.556234
509	0.558947	0.561661	0.558947
519	0.564374	0.567087	0.564374
548	0.575227	0.577941	0.575227
552	0.575227	0.580654	0.577941
599	0.594221	0.596934	0.594221
620	0.602361	0.605074	0.602361
632	0.607787	0.610501	0.607787
638	0.607787	0.610501	0.607787
663	0.615927	0.618641	0.615927
675	0.621354	0.624067	0.621354
680	0.621354	0.624067	0.621354
698	0.626781	0.632207	0.629494
710	0.632207	0.634921	0.632207
720	0.632207	0.634921	0.632207
735	0.637634	0.640347	0.637634
746	0.640347	0.643061	0.640347
783	0.648487	0.651201	0.648487
786	0.648487	0.651201	0.648487
807	0.653914	0.656627	0.653914
810	0.653914	0.656627	0.653914
821	0.656627	0.659341	0.656627
857	0.662054	0.664767	0.662054
860	0.664767	0.670194	0.667481
866	0.667481	0.670194	0.667481
880	0.670194	0.672907	0.670194
897	0.672907	0.675621	0.672907
908	0.675621	0.678334	0.675621
912	0.675621	0.678334	0.675621
939	0.681047	0.683761	0.681047
975	0.686474	0.689187	0.686474
996	0.689187	0.691901	0.689187
998	0.689187	0.691901	0.689187
1007	0.689187	0.691901	0.689187
1022	0.691901	0.694614	0.691901
1036	0.694614	0.697327	0.694614
1038	0.694614	0.697327	0.694614
1065	0.697327	0.700041	0.697327
1087	0.700041	0.705467	0.702754
1096	0.700041	0.702754	0.700041
1100	0.702754	0.705467	0.702754
1136	0.705467	0.708181	0.705467
1149	0.708181	0.710894	0.708181
1181	0.710894	0.713607	0.710894
1185	0.710894	0.713607	0.710894
1188	0.710894	0.713607	0.710894
1192	0.713607	0.716321	0.713607
1196	0.713607	0.716321	0.713607
1209	0.713607	0.716321	0.713607
1220	0.716321	0.719034	0.716321
1251	0.716321	0.719034	0.716321
1260	0.716321	0.719034	0.716321
1263	0.719034	0.721747	0.719034
1265	0.719034	0.721747	0.719034
1280	0.716321	0.721747	0.719034
1305	0.721747	0.724461	0.719034
1322	0.721747	0.724461	0.721747
1340	0.721747	0.724461	0.721747
1343	0.724461	0.727174	0.724461
1365	0.724461	0.727174	0.724461
1367	0.724461	0.727174	0.724461
1373	0.724461	0.727174	0.724461
1380	0.724461	0.727174	0.724461
1394	0.727174	0.729887	0.727174
1445	0.727174	0.729887	0.727174
1478	0.729887	0.732601	0.729887
1481	0.729887	0.732601	0.729887
1487	0.729887	0.732601	0.729887
1496	0.729887	0.732601	0.729887
1529	0.732601	0.735314	0.732601
1555	0.732601	0.735314	0.732601
1592	0.732601	0.735314	0.732601
1594	0.732601	0.735314	0.732601
1596	0.732601	0.735314	0.732601
1598	0.732601	0.735314	0.732601
1608	0.732601	0.735314	0.732601
1610	0.732601	0.735314	0.732601
1616	0.732601	0.738027	0.735314
1635	0.732601	0.738027	0.735314
1664	0.735314	0.738027	0.735314
1694	0.735314	0.738027	0.735314
1731	0.735314	0.738027	0.735314
1745	0.735314	0.738027	0.735314
1748	0.735314	0.738027	0.735314
1770	0.735314	0.738027	0.735314
1793	0.735314	0.738027	0.735314
1811	0.735314	0.738027	0.735314
1814	0.735314	0.738027	0.732601
1869	0.735314	0.738027	0.732601
1875	0.735314	0.738027	0.735314
1883	0.732601	0.735314	0.732601
1887	0.735314	0.738027	0.735314
1892	0.732601	0.735314	0.732601
1908	0.732601	0.735314	0.732601
1911	0.735314	0.738027	0.735314
1916	0.735314	0.738027	0.735314
1926	0.735314	0.738027	0.732601
1934	0.735314	0.738027	0.735314
1937	0.732601	0.735314	0.732601
1961	0.732601	0.735314	0.732601
1970	0.732601	0.735314	0.732601
1983	0.732601	0.735314	0.732601
2010	0.732601	0.735314	0.732601
2015	0.729887	0.735314	0.732601
2025	0.732601	0.735314	0.732601
2034	0.732601	0.735314	0.732601
2048	0.732601	0.735314	0.732601
2066	0.732601	0.735314	0.732601
2081	0.729887	0.732601	0.729887
2091	0.732601	0.735314	0.732601
2097	0.732601	0.735314	0.729887
2099	0.729887	0.732601	0.729887
2116	0.729887	0.732601	0.729887
2120	0.732601	0.735314	0.732601
2129	0.729887	0.732601	0.729887
2147	0.729887	0.732601	0.729887
2168	0.729887	0.732601	0.729887
2171	0.727174	0.729887	0.727174
2177	0.727174	0.729887	0.727174
2210	0.727174	0.729887	0.727174
2232	0.727174	0.729887	0.727174
2234	0.727174	0.729887	0.727174
2247	0.727174	0.729887	0.727174
2277	0.727174	0.729887	0.727174
2280	0.727174	0.729887	0.727174
2316	0.724461	0.727174	0.724461
2318	0.724461	0.727174	0.724461
2342	0.727174	0.729887	0.727174
2366	0.724461	0.727174	0.724461
2369	0.721747	0.724461	0.721747
2376	0.724461	0.727174	0.724461
2395	0.724461	0.727174	0.724461
2418	0.721747	0.724461	0.721747
2420	0.721747	0.724461	0.721747
2462	0.721747	0.724461	0.721747
2471	0.719034	0.721747	0.719034
2475	0.721747	0.724461	0.721747
2484	0.719034	0.721747	0.719034
2509	0.719034	0.721747	0.719034
2511	0.719034	0.721747	0.719034
2529	0.719034	0.721747	0.716321
2561	0.716321	0.719034	0.716321
2594	0.716321	0.719034	0.716321
2600	0.716321	0.719034	0.716321
2603	0.713607	0.716321	0.713607
2615	0.713607	0.716321	0.713607
2618	0.713607	0.716321	0.713607
2628	0.713607	0.716321	0.713607
2696	0.710894	0.713607	0.710894
2698	0.710894	0.713607	0.710894
2716	0.710894	0.713607	0.710894
2727	0.710894	0.713607	0.710894
2756	0.708181	0.710894	0.708181
2764	0.708181	0.710894	0.708181
2774	0.708181	0.710894	0.708181
2779	0.708181	0.710894	0.708181
2783	0.708181	0.710894	0.708181
2795	0.705467	0.708181	0.705467
2802	0.705467	0.708181	0.705467
2815	0.705467	0.708181	0.705467
2817	0.705467	0.708181	0.705467
2822	0.705467	0.708181	0.705467
2840	0.702754	0.705467	0.702754
2901	0.702754	0.705467	0.702754
2904	0.702754	0.705467	0.702754
2958	0.697327	0.700041	0.697327
2976	0.697327	0.700041	0.697327
2985	0.697327	0.700041	0.697327
2993	0.694614	0.697327	0.694614
2996	0.697327	0.700041	0.697327
3003	0.697327	0.700041	0.694614
3011	0.694614	0.697327	0.694614
3018	0.694614	0.697327	0.694614
3020	0.694614	0.697327	0.694614
3024	0.694614	0.697327	0.694614
3062	0.689187	0.694614	0.691901
3065	0.689187	0.691901	0.689187
3086	0.686474	0.689187	0.686474
3093	0.686474	0.689187	0.686474
3101	0.683761	0.686474	0.683761
3107	0.683761	0.686474	0.683761
3122	0.681047	0.683761	0.681047
3125	0.681047	0.683761	0.681047
3128	0.681047	0.683761	0.681047
3131	0.678334	0.681047	0.678334
3135	0.678334	0.681047	0.678334
3139	0.678334	0.681047	0.678334
3141	0.678334	0.681047	0.678334
3161	0.675621	0.678334	0.675621
3182	0.672907	0.675621	0.672907
3199	0.664767	0.667481	0.664767
3201	0.664767	0.667481	0.664767
3213	0.662054	0.664767	0.662054
3218	0.662054	0.664767	0.662054
3221	0.659341	0.662054	0.659341
3257	0.675621	0.678334	0.675621
3269	0.681047	0.683761	0.681047
3280	0.689187	0.691901	0.689187
3309	0.713607	0.716321	0.710894
3315	0.713607	0.719034	0.716321
3320	0.719034	0.721747	0.719034
3351	0.751594	0.754307	0.751594
3378	0.776014	0.781441	0.778727
3380	0.778727	0.781441	0.778727
3399	0.800434	0.803147	0.800434
3408	0.808574	0.814001	0.811287
3438	0.835708	0.838421	0.835708
3440	0.835708	0.838421	0.835708
3484	0.868268	0.870981	0.868268
3536	0.903541	0.908968	0.906254
3543	0.906254	0.908968	0.906254
3549	0.911681	0.914394	0.911681
3567	0.922534	0.925248	0.922534
3570	0.925248	0.927961	0.925248
3589	0.938814	0.941528	0.936101
3591	0.936101	0.938814	0.936101
3597	0.944241	0.946954	0.944241
3599	0.944241	0.946954	0.944241
3614	0.952381	0.955094	0.952381
3620	0.957808	0.960521	0.957808
3638	0.968661	0.971374	0.968661
3647	0.971374	0.974088	0.971374
3665	0.979514	0.982228	0.979514
3668	0.979514	0.982228	0.979514
3671	0.979514	0.982228	0.979514
3741	1.02021	1.02293	1.02021
3773	1.04192	1.04463	1.04192
3779	1.04463	1.04735	1.04463
3783	1.04735	1.05006	1.04735
3789	1.05277	1.05549	1.05277
3807	1.06363	1.06634	1.06363
3827	1.07719	1.07991	1.07719
3848	1.09347	1.09619	1.09347
3861	1.0989	1.10161	1.0989
3863	1.0989	1.10161	1.0989
3873	1.10704	1.10975	1.10704
3878	1.10975	1.11247	1.10975
3885	1.11247	1.11518	1.11247
3897	1.12061	1.12332	1.12061
3927	1.13689	1.1396	1.13689
3932	1.13689	1.1396	1.13689
3935	1.1396	1.14231	1.1396
3939	1.14231	1.14503	1.14231
3967	1.15588	1.15859	1.15588
3969	1.15588	1.15859	1.15588
3989	1.16402	1.16674	1.16402
3992	1.16402	1.16674	1.16402
4002	1.16945	1.17216	1.16945
4011	1.17487	1.17759	1.17487
4053	1.18844	1.19115	1.18844
4076	1.19387	1.19658	1.19387
4088	1.19658	1.19929	1.19658
4112	1.19929	1.20201	1.19929
4118	1.20472	1.20744	1.20472
4125	1.20472	1.20744	1.20472
4138	1.20744	1.21015	1.20744
4142	1.20744	1.21015	1.20744
4148	1.21015	1.21286	1.21015
4151	1.20744	1.21015	1.20744
4169	1.21286	1.21829	1.21558
4172	1.21286	1.21558	1.21286
4190	1.21829	1.221	1.21829
4196	1.21829	1.221	1.21829
4205	1.21829	1.221	1.21829
4208	1.221	1.22372	1.221
4220	1.221	1.22372	1.221
4226	1.22372	1.22643	1.22372
4237	1.22643	1.22914	1.22643
4257	1.22914	1.23185	1.22914
4261	1.22914	1.23185	1.22914
4274	1.22914	1.23185	1.22914
4284	1.22914	1.23457	1.23185
4309	1.23457	1.23728	1.23457
4334	1.23728	1.23999	1.23728
4349	1.23728	1.23999	1.23728
4380	1.23999	1.24271	1.23999
4389	1.24271	1.24542	1.23999
4418	1.24542	1.24813	1.24542
4422	1.24271	1.24542	1.24271
4424	1.24271	1.24542	1.24271
4439	1.24271	1.24813	1.24542
4442	1.24271	1.24542	1.24271
4445	1.24542	1.24813	1.24542
4447	1.24542	1.24813	1.24542
4452	1.24542	1.24813	1.24542
4455	1.24542	1.24813	1.24542
4460	1.24271	1.24813	1.24542
4463	1.24542	1.24813	1.24542
4478	1.24813	1.25085	1.24813
4523	1.24813	1.25085	1.24813
4527	1.25085	1.25356	1.25085
4580	1.34853	1.40008	1.39737
4591	0.873694	0.933388	0.892688
4602	-0.461267	-0.458554	-0.534527
4629	-4.42002	-4.24094	-4.3956
4637	-4.58554	-4.55569	-4.95998
4648	-4.69679	-4.52042	-4.75648
4659	-5.53249	-5.38326	-5.42124
4934	-5.38054	-5.33171	-5.5542
4942	-3.82038	-3.17189	-3.60602
4954	5.24488	5.50807	4.95726
4966	1.03378	1.08533	0.672907
4976	-0.160087	-0.108533	-0.151947
4983	-0.249627	-0.238774	-0.274047
4992	-0.181794	-0.127527	-0.143807
5002	0.021707	0.054267	-0.00814
5012	-0.029847	-0.005427	-0.100393
5022	-0.086827	-0.013567	-0.059693
5032	0.067833	0.116673	0.04884
5042	0.070547	0.127527	0.05698
5052	0.094967	0.165513	0.111247
5062	0.094967	0.132953	0.054267
5072	0.06512	0.116673	0.046127
5082	0.100393	0.149233	0.070547
5092	0.124813	0.17094	0.08954
5102	0.11396	0.15466	0.067833
5112	0.13024	0.17908	0.094967
5122	0.037987	0.08954	0.018993
5132	0.092253	0.141093	0.062407
5142	0.027133	0.070547	-0.005427
5152	0.149233	0.2035	0.127527
5162	0.13838	0.198074	0.127527
5172	0.135667	0.192647	0.119387
5182	-0.290327	-0.265907	-0.363587
5192	-1.41636	-1.37295	-1.41908
5202	-2.45557	-2.42572	-2.46371
5212	-3.54904	-3.53819	-3.57618
5222	-4.42274	-4.40103	-4.87315
5229	-4.95998	-4.90843	-5.19604
5240	-4.92742	-4.77818	-4.96812
5251	-5.5542	-5.47823	-5.50536
5523	-5.5542	-5.29101	-5.32899
5532	-3.46493	-2.95754	-3.64944
5555	0.865554	1.46249	1.41094
5566	0.05698	0.108533	0.051553
5572	-0.149233	-0.13024	-0.135667
5582	-0.067833	-0.021707	-0.051553
5592	0.002713	0.03256	-0.027133
5602	0.051553	0.092253	0.02442
5612	0.1221	0.149233	0.062407
5622	0.141093	0.17094	0.078687
5632	0.005427	0.067833	0.021707
5642	0.124813	0.14652	0.054267
5652	0.124813	0.18722	0.135667
5662	0.13838	0.17094	0.092253
5672	0.092253	0.13024	0.051553
5682	-0.010853	0.002713	-0.086827
5692	-0.108533	-0.07326	-0.149233
5702	-0.225207	-0.168227	-0.214354
5712	-0.06512	-0.02442	-0.094967
5722	0.005427	0.062407	0.013567
5732	0.010853	0.046127	-0.02442
5742	0.067833	0.111247	0.046127
5752	0.100393	0.149233	0.09768
5762	0.279474	0.33374	0.27676
5772	0.355447	0.39886	0.320174
5782	-0.246914	-0.214354	-0.279474
5792	-0.933388	-0.889974	-0.936101
5802	-1.73925	-1.7094	-1.7501
5812	-2.46642	-2.442	-2.47456
5822	-3.14747	-3.10948	-3.12576
5832	-3.83123	-3.80681	-3.82309
5842	-4.3549	-4.33591	-4.36847
5854	-5.00068	-4.93013	-5.27201
5861	-5.34527	-5.17433	-5.24488
5872	-5.3724	-5.17976	-5.22046
6153	-5.5542	-5.25845	-5.35612
6162	-3.34012	-2.92226	-3.7227
6185	0.919821	1.49233	1.41365
6196	0.22792	0.257767	0.168227
6204	-0.078687	-0.067833	-0.08954
6212	0.119387	0.15466	0.127527
6222	0.075973	0.100393	0.05698
6231	0.06512	0.132953	0.13024
6242	0.295754	0.306607	0.217067
6252	0.298467	0.3256	0.257767
6262	0.306607	0.30932	0.214354
6272	0.282187	0.30932	0.233347
6282	0.265907	0.27676	0.192647
6291	0.09768	0.184507	0.17908
6302	-0.111247	-0.092253	-0.165513
6312	-0.02442	0.037987	0.010853
6322	0.206214	0.21978	0.151947
6332	0.352734	0.37444	0.298467
6342	0.31746	0.344594	0.279474
6352	0.47212	0.523674	0.485687
6362	0.510107	0.512821	0.428707
6371	0.377154	0.466694	0.46398
6382	0.43142	0.453127	0.379867
6392	0.534527	0.553521	0.477547
6402	0.729887	0.803147	0.767874
6412	0.686474	0.740741	0.702754
6422	0.510107	0.531814	0.45584
6432	0.279474	0.312034	0.246914
6442	-0.151947	-0.10582	-0.15466
6452	-0.4884	-0.442274	-0.48026
6462	-0.960521	-0.933388	-0.976801
6472	-1.42179	-1.38651	-1.42179
6482	-1.79351	-1.7691	-1.81251
6492	-2.12454	-2.0757	-2.10012
6502	-2.83272	-2.8273	-2.86257
6512	-3.28314	-3.2343	-3.24515
6522	-3.69828	-3.66843	-3.68742
6532	-4.22466	-4.2111	-4.23552
6541	-4.83788	-4.83245	-4.84059
6552	-5.33171	-5.15534	-5.32899
6559	-5.5542	-5.44024	-5.47009
6570	-5.5542	-5.41039	-5.42124
6832	-5.5542	-5.23402	-5.3724
6841	-3.24786	-2.8897	-3.76611
6852	4.63709	5.51079	5.50807
6864	1.29426	1.84778	1.70669
6874	0.26048	0.453127	0.442274
6883	0.173654	0.246914	0.241487
6892	0.26862	0.322887	0.306607
6901	0.249627	0.303894	0.29304
6911	0.306607	0.38258	0.371727
6922	0.31746	0.322887	0.2442
6931	0.241487	0.30932	0.295754
6942	0.412427	0.425994	0.344594
6951	0.312034	0.393434	0.388007
6961	0.30932	0.371727	0.344594
6972	0.393434	0.396147	0.303894
6981	0.26862	0.344594	0.328314
6992	0.2035	0.21164	0.135667
7001	0.246914	0.33374	0.331027
7012	0.39886	0.407	0.3256
7021	0.279474	0.35002	0.344594
7031	0.282187	0.35002	0.336454
7041	0.42328	0.493827	0.474834
7051	0.35002	0.43142	0.428707
7061	0.344594	0.412427	0.39072
7071	0.290327	0.371727	0.35816
7081	0.491114	0.588794	0.572514
7092	0.10582	0.13838	0.07326
7102	-0.241487	-0.225207	-0.290327
7112	-0.632207	-0.621354	-0.683761
7122	-0.911681	-0.879121	-0.919821
7132	-1.23185	-1.21015	-1.25899
7142	-1.65785	-1.628	-1.66599
7152	-2.15439	-2.13268	-2.16796
7162	-2.57496	-2.55054	-2.58038
7172	-2.9711	-2.9494	-2.98467
7182	-3.42694	-3.40524	-3.43237
7192	-3.79596	-3.78782	-3.8258
7202	-4.23009	-4.21381	-4.24637
7212	-4.68322	-4.66965	-4.69679
7222	-5.11464	-5.10107	-5.12821
7230	-5.51893	-5.38868	-5.45109
7503	-5.55149	-5.17976	-5.53521
7512	-2.97382	-2.95211	-4.18939
7524	5.50807	5.51079	5.07123
7535	1.63071	2.05671	1.82336
7546	0.681047	0.719034	0.626781
7555	0.409714	0.42328	0.417854
7562	0.553521	0.564374	0.531814
7571	0.501967	0.531814	0.510107
7581	0.553521	0.610501	0.594221
7591	0.577941	0.645774	0.640347
7601	0.572514	0.626781	0.607787
7611	0.531814	0.591507	0.569801
7621	0.491114	0.561661	0.550807
7631	0.531814	0.613214	0.607787
7641	0.453127	0.523674	0.520961
7652	0.510107	0.512821	0.436847
7661	0.425994	0.493827	0.485687
7671	0.46398	0.526387	0.507394
7681	0.404287	0.48026	0.477547
7701	0.477547	0.548094	0.534527
7711	0.48026	0.548094	0.537241
7721	0.4884	0.539954	0.504681
7731	0.48026	0.556234	0.545381
7742	0.575227	0.586081	0.510107
7751	0.542667	0.621354	0.615927
7762	0.575227	0.580654	0.491114
7772	0.30932	0.328314	0.263194
7782	0.168227	0.18722	0.127527
7792	-0.018993	0	-0.05698
7802	-0.13024	-0.108533	-0.1628
7812	-0.1628	-0.13838	-0.19536
7822	-0.238774	-0.217067	-0.274047
7832	-0.531814	-0.504681	-0.548094
7842	-0.754307	-0.746167	-0.800434
7852	-0.976801	-0.957808	-1.00393
7862	-1.23999	-1.21558	-1.25628
7872	-1.5656	-1.55474	-1.59815
7882	-1.9129	-1.90205	-1.93732
7891	-2.29277	-2.26292	-2.26835
7902	-2.68349	-2.66992	-2.70791
7912	-3.08778	-3.06878	-3.0932
7922	-3.5192	-3.50563	-3.53276
7932	-3.98046	-3.97504	-4.01031
7942	-4.3332	-4.32777	-4.36033
7952	-4.56926	-4.56112	-4.60724
7961	-5.26387	-5.26116	-5.27473
7974	-5.5542	-5.51621	-5.54877
8241	-5.5542	-5.22588	-5.39954
8250	-3.22073	-2.91684	-3.84208
8262	5.50807	5.51079	5.40768
8273	1.4028	1.9943	1.86678
8284	0.640347	0.683761	0.542667
8293	0.344594	0.385294	0.344594
8302	0.385294	0.43142	0.41514
8312	0.377154	0.39886	0.35816
8322	0.38258	0.39886	0.363587
8331	0.385294	0.401574	0.355447
8341	0.453127	0.518247	0.507394
8351	0.396147	0.458554	0.453127
8361	0.412427	0.469407	0.45584
8371	0.388007	0.436847	0.420567
8381	0.344594	0.396147	0.39072
8391	0.407	0.43142	0.39072
8401	0.38258	0.42328	0.39886
8411	0.388007	0.425994	0.396147
8421	0.33374	0.388007	0.371727
8431	0.39886	0.45584	0.444987
8441	0.458554	0.493827	0.45584
8452	0.2849	0.29304	0.241487
8461	0.407	0.461267	0.450414
8471	0.35816	0.401574	0.379867
8481	0.33374	0.355447	0.306607
8491	0.208927	0.27676	0.26048
8501	-0.599647	-0.569801	-0.577941
8511	-1.26442	-1.25356	-1.26984
8521	-1.7908	-1.77723	-1.78809
8542	-2.56682	-2.5641	-2.59938
8551	-3.00909	-3.00095	-3.01452
8561	-3.32926	-3.30756	-3.31027
8571	-3.81766	-3.81224	-3.82852
8582	-4.26265	-4.24637	-4.26536
8591	-4.5774	-4.56654	-4.57197
8612	-5.20418	-5.19332	-5.22588
8622	-5.5542	-5.52435	-5.5542
8886	-5.5542	-5.38054	-5.54606
8895	-3.92348	-3.682	-4.36304
8907	4.1514	4.64523	3.83123
8918	1.06905	1.59001	1.5873
8929	0.640347	0.795007	0.781441
8941	0.401574	0.409714	0.352734
8951	0.507394	0.515534	0.461267
8961	0.4477	0.4884	0.47212
8971	0.425994	0.469407	0.461267
8981	0.425994	0.466694	0.453127
8991	0.434134	0.477547	0.47212
9001	0.482974	0.518247	0.501967
9011	0.41514	0.45584	0.453127
9020	0.385294	0.420567	0.417854
9031	0.531814	0.556234	0.512821
9041	0.409714	0.458554	0.450414
9051	0.409714	0.425994	0.388007
9061	0.482974	0.510107	0.474834
9071	0.453127	0.4884	0.469407
9081	0.461267	0.48026	0.450414
9091	0.417854	0.434134	0.39886
9101	0.371727	0.409714	0.39072
9111	0.404287	0.442274	0.425994
9121	0.396147	0.434134	0.417854
9131	0.428707	0.466694	0.444987
9141	0.39072	0.4477	0.43956
9152	0.282187	0.2849	0.233347
9161	0.084113	0.124813	0.11396
9171	0.010853	0.06512	0.062407
9182	-0.135667	-0.127527	-0.17094
9191	-0.27676	-0.238774	-0.246914
9202	-0.453127	-0.444987	-0.48026
9211	-0.577941	-0.534527	-0.537241
9222	-0.713607	-0.710894	-0.751594
9242	-0.957808	-0.936101	-0.963234
9252	-1.03378	-1.02835	-1.06634
9262	-1.06091	-1.05006	-1.08262
9272	-1.10975	-1.09347	-1.13417
9282	-1.21829	-1.20472	-1.23728
9292	-1.31597	-1.30512	-1.33496
9302	-1.43264	-1.42179	-1.44349
9312	-1.40551	-1.40008	-1.44078
9322	-1.44621	-1.43807	-1.47063
9332	-1.38109	-1.35938	-1.38651
9342	-1.35938	-1.34853	-1.38651
9352	-1.26442	-1.23728	-1.25899
9372	-0.900828	-0.860128	-0.865554
9383	-0.529101	-0.523674	-0.558947
9393	-0.312034	-0.303894	-0.322887
9402	0.037987	0.04884	-0.002713
9412	-0.14652	-0.132953	-0.160087
9422	0.013567	0.0407	0.01628
9432	0.233347	0.263194	0.2442
9442	0.45584	0.47212	0.43956
9452	0.518247	0.523674	0.47212
9461	0.287614	0.3256	0.322887
9471	0.241487	0.2849	0.282187
9481	0.34188	0.39886	0.396147
9492	0.3663	0.37444	0.320174
9501	0.067833	0.103107	0.09768
9511	-0.160087	-0.13024	-0.141093
9522	-0.436847	-0.434134	-0.469407
9532	-0.42328	-0.409714	-0.43956
9543	-0.132953	-0.13024	-0.151947
9552	0.2442	0.27676	0.26048
9562	0.482974	0.501967	0.469407
9571	0.420567	0.444987	0.41514
9581	0.23606	0.274047	0.263194
9591	0.02442	0.05698	0.043413
9601	-0.116673	-0.092253	-0.111247
9611	-0.108533	-0.054267	-0.05698
9621	-0.181794	-0.135667	-0.13838
9631	-0.13024	-0.086827	-0.108533
9642	-0.255054	-0.246914	-0.29304
9652	-0.263194	-0.26048	-0.31746
9662	-0.436847	-0.434134	-0.4884
9671	-0.621354	-0.580654	-0.588794
9682	-0.754307	-0.746167	-0.789581
9691	-1.05277	-1.02564	-1.03107
9711	-1.57374	-1.54931	-1.55746
9721	-1.81251	-1.80708	-1.82879
9732	-2.08927	-2.08113	-2.1164
9741	-2.34975	-2.33076	-2.34432
9761	-2.94668	-2.9304	-2.94668
9771	-3.21259	-3.18817	-3.19088
9781	-3.42966	-3.4188	-3.4378
9792	-3.66572	-3.64672	-3.66029
9801	-3.82852	-3.80681	-3.81224
9820	-4.11342	-4.10799	-4.11884
9831	-4.42002	-4.4146	-4.44444
9842	-4.50957	-4.47158	-4.477
9850	-4.7402	-4.73749	-4.74834
9862	-4.95184	-4.94913	-4.98168
9872	-5.10379	-5.09022	-5.1065
9881	-5.03595	-5.00339	-5.00882
9891	-5.38054	-5.36698	-5.37783
9902	-5.53792	-5.52978	-5.5542
10157	-5.5542	-5.40768	-5.5542
10166	-3.96147	-3.94248	-4.76733
10178	3.79596	4.00488	3.06336
10189	1.10433	1.4652	1.34581
10200	0.605074	0.716321	0.667481
10210	0.37444	0.434134	0.42328
10220	0.434134	0.4884	0.474834
10231	0.404287	0.43142	0.409714
10241	0.425994	0.434134	0.396147
10251	0.442274	0.461267	0.43142
10261	0.377154	0.407	0.393434
10271	0.396147	0.420567	0.407
10281	0.39886	0.417854	0.401574
10301	0.409714	0.434134	0.409714
10311	0.379867	0.401574	0.38258
10321	0.39886	0.420567	0.39886
10331	0.3663	0.385294	0.363587
10341	0.434134	0.450414	0.420567
10360	0.379867	0.385294	0.35816
10371	0.420567	0.43956	0.409714
10381	0.388007	0.401574	0.371727
10391	0.504681	0.531814	0.501967
10411	0.4477	0.45584	0.417854
10421	0.1628	0.184507	0.160087
10442	-0.08954	-0.0814	-0.116673
10451	-0.306607	-0.30118	-0.331027
10461	-0.444987	-0.41514	-0.420567
10472	-0.670194	-0.664767	-0.691901
10481	-0.770587	-0.740741	-0.743454
10491	-0.936101	-0.917108	-0.927961
10511	-1.23457	-1.221	-1.24271
10521	-1.42721	-1.4028	-1.40822
10531	-1.69855	-1.67955	-1.68498
10542	-1.92918	-1.92647	-1.94546
10551	-2.03771	-2.02143	-2.02957
10561	-2.1571	-2.14353	-2.15168
10571	-2.20866	-2.18695	-2.18966
10581	-2.26835	-2.25478	-2.27106
10592	-2.32804	-2.31176	-2.33076
10601	-2.31176	-2.29277	-2.30634
10612	-2.38774	-2.38231	-2.40944
10621	-2.51798	-2.50441	-2.51526
10632	-2.67535	-2.66178	-2.67264
10641	-2.78931	-2.7866	-2.81102
10662	-3.06336	-3.05793	-3.08506
10671	-3.28856	-3.27771	-3.28585
10681	-3.42966	-3.41609	-3.42694
10692	-3.60602	-3.6006	-3.61959
10711	-4.1297	-4.11613	-4.1297
10731	-4.82431	-4.81888	-4.83245
10751	-5.23402	-5.22046	-5.22317
10761	-5.23674	-5.22046	-5.2286
10772	-5.28015	-5.27744	-5.30729
10792	-5.36698	-5.35612	-5.36698
10802	-5.25573	-5.24488	-5.27201
10812	-5.26387	-5.25573	-5.28015
10823	-5.12278	-5.12007	-5.14449
10832	-5.01424	-5.00882	-5.05223
10851	-5.29643	-5.28015	-5.29915
10862	-5.1689	-5.16076	-5.2096
10872	-5.33985	-5.32085	-5.34256
10882	-5.3914	-5.38597	-5.41853
10893	-5.43752	-5.43481	-5.46466
10902	-5.38326	-5.36698	-5.3914
10942	-5.52707	-5.52435	-5.5542
11141	-5.5542	-5.49451	-5.5542
11150	-4.32506	-4.30878	-4.97354
11162	2.40673	2.77574	2.19238
11173	0.922534	1.17487	1.0582
11184	0.523674	0.553521	0.482974
11193	0.360874	0.3663	0.339167
11202	0.352734	0.3663	0.344594
11211	0.23606	0.249627	0.246914
11222	0.377154	0.379867	0.352734
11231	0.35002	0.352734	0.331027
11241	0.377154	0.396147	0.377154
11261	0.396147	0.420567	0.409714
11271	0.3663	0.396147	0.39072
11281	0.37444	0.379867	0.35002
11291	0.298467	0.31746	0.314747
11301	0.42328	0.4477	0.43142
11309	0.168227	0.17094	0.168227
11322	0.377154	0.379867	0.355447
11331	0.43956	0.453127	0.442274
11340	0.43142	0.450414	0.444987
11351	0.442274	0.466694	0.453127
11360	0.396147	0.42328	0.420567
11371	0.45584	0.466694	0.442274
11381	0.379867	0.396147	0.377154
11391	0.444987	0.45584	0.425994
11402	0.461267	0.469407	0.442274
11411	0.4884	0.501967	0.485687
11421	0.428707	0.436847	0.41514
11431	0.355447	0.35816	0.320174
11442	0.22792	0.238774	0.217067
11451	0.141093	0.157373	0.151947
11470	-0.225207	-0.21978	-0.22792
11490	-0.748881	-0.746167	-0.751594
11499	-1.05549	-1.05277	-1.05549
11511	-1.40822	-1.40551	-1.42721
11552	-2.62108	-2.61837	-2.63194
11560	-2.7269	-2.72419	-2.72962
11570	-2.92498	-2.91684	-2.92498
11611	-4.05915	-4.05372	-4.06729
11621	-4.19482	-4.17854	-4.18396
11631	-4.24094	-4.22195	-4.2328
11642	-4.2735	-4.2518	-4.25722
11651	-4.30878	-4.29792	-4.30335
11682	-4.3549	-4.34948	-4.36847
11691	-4.33862	-4.32777	-4.35219
11703	-4.22466	-4.20024	-4.2111
11711	-4.31692	-4.3142	-4.32506
11721	-4.34134	-4.33048	-4.34948
11732	-4.39018	-4.38475	-4.4146
11742	-4.5367	-4.52313	-4.53127
11752	-4.54484	-4.53941	-4.5584
11762	-4.56112	-4.54213	-4.55298
11774	-4.52856	-4.52585	-4.53127
11781	-4.3956	-4.36847	-4.37118
11791	-4.61538	-4.61267	-4.62352
11803	-4.42274	-4.40917	-4.42002
11812	-4.32234	-4.30606	-4.31149
11832	-4.06729	-4.05101	-4.05644
11841	-3.98318	-3.9669	-3.96961
11852	-3.85836	-3.8448	-3.85294
11863	-3.53819	-3.52462	-3.53005
11872	-3.34554	-3.32926	-3.33198
11892	-3.08778	-3.08235	-3.08506
11902	-2.91141	-2.89784	-2.90056
11912	-2.75946	-2.74318	-2.7459
11933	-2.17338	-2.16796	-2.18424
11941	-2.21408	-2.20866	-2.21408
11951	-2.2575	-2.24393	-2.24664
11971	-2.23308	-2.21951	-2.23036
11981	-2.24936	-2.22494	-2.23036
11992	-2.2575	-2.25478	-2.2792
12002	-2.17338	-2.15168	-2.16524
12013	-2.0947	-2.08384	-2.08927
12022	-2.035	-2.02957	-2.04043
12033	-1.72568	-1.71483	-1.71754
12043	-1.45164	-1.44621	-1.45435
12053	-1.27256	-1.26984	-1.28341
12062	-1.09347	-1.07719	-1.08262
12071	-0.993081	-0.979514	-0.987654
12081	-0.952381	-0.930674	-0.938814
12091	-0.990368	-0.987654	-1.01207
12102	-1.11247	-1.09076	-1.09347
12152	0.762447	0.773301	0.757021
12162	0.946954	0.965948	0.957808
12172	1.09076	1.10704	1.10433
12183	1.21286	1.21558	1.20201
12212	1.94003	1.95089	1.94275
12223	2.14896	2.15439	2.14353
12231	2.20323	2.21951	2.21137
12241	2.23036	2.24936	2.24664
12250	2.24393	2.27106	2.26835
12271	1.54117	1.55474	1.55203
12330	-0.822141	-0.819427	-0.822141
12340	-0.998508	-0.990368	-0.993081
12351	-1.26713	-1.2617	-1.26713
12391	-1.81522	-1.81251	-1.83693
12402	-1.74196	-1.72568	-1.7501
12411	-2.05671	-2.05128	-2.05671
12421	-2.08656	-2.0757	-2.08384
12441	-2.3606	-2.34432	-2.35789
12452	-2.61837	-2.60752	-2.61294
12461	-2.64822	-2.63736	-2.64008
12481	-2.68078	-2.67264	-2.69706
12492	-2.7676	-2.74318	-2.75132
12502	-2.91955	-2.91412	-2.92226
12520	-2.99824	-2.9901	-2.99552
12532	-3.05793	-3.04708	-3.05793
12541	-3.08506	-3.08235	-3.10134
12552	-3.14476	-3.1339	-3.15018
12561	-3.29128	-3.28856	-3.30484
12573	-3.33198	-3.32926	-3.34012
12591	-3.44594	-3.44322	-3.46222
12601	-3.52191	-3.5002	-3.50292
12612	-3.43508	-3.42423	-3.44322
12621	-3.54904	-3.5409	-3.54904
12631	-3.61959	-3.60602	-3.60874
12641	-3.65486	-3.64944	-3.663
12651	-3.67386	-3.65215	-3.65486
12662	-3.73898	-3.73626	-3.75526
12671	-3.86379	-3.86108	-3.87193
12691	-3.87464	-3.86379	-3.86922
12701	-3.91806	-3.90178	-3.9072
12713	-3.88007	-3.87736	-3.88278
12720	-3.83123	-3.82852	-3.84751
12731	-4.11342	-4.10256	-4.11342
12742	-4.14055	-4.12698	-4.13784
12752	-4.17582	-4.16768	-4.17582
12761	-4.1704	-4.15954	-4.1704
12771	-4.19753	-4.18939	-4.20024
12782	-4.22738	-4.22195	-4.23552
12791	-4.28164	-4.2735	-4.27622
12800	-4.31963	-4.30878	-4.3142
12810	-4.23552	-4.21652	-4.23009
12822	-4.33862	-4.3332	-4.34405
12831	-4.35762	-4.34676	-4.36304
12842	-4.3332	-4.31692	-4.33048
12861	-4.38746	-4.38475	-4.40646
12872	-4.37932	-4.37118	-4.39018
12881	-4.36847	-4.35762	-4.3739
12891	-4.57468	-4.56926	-4.5774
12901	-4.76733	-4.76462	-4.77276
12932	-5.09293	-5.09022	-5.11193
12942	-4.99796	-4.98168	-5.00339
12962	-5.16076	-5.15805	-5.17433
12971	-5.30457	-5.30186	-5.31
12981	-5.29372	-5.28287	-5.28558
12990	-5.35341	-5.3507	-5.35884
13001	-5.32628	-5.30186	-5.30457
13011	-5.3914	-5.37783	-5.38326
13275	-5.5542	-5.3914	-5.44295
13284	-3.97504	-3.56261	-4.09985
13296	4.24637	5.01696	4.39289
13308	1.62529	1.72297	1.36752
13319	0.724461	0.743454	0.634921
13329	0.41514	0.4477	0.43956
13339	0.485687	0.507394	0.504681
13350	0.4477	0.45584	0.43956
13361	0.485687	0.4884	0.466694
13370	0.43142	0.442274	0.434134
13380	0.39072	0.409714	0.401574
13391	0.3663	0.388007	0.38258
13411	0.34188	0.352734	0.347307
13421	0.369014	0.37444	0.369014
13431	0.428707	0.43956	0.425994
13453	0.453127	0.461267	0.45584
13471	0.501967	0.510107	0.491114
13481	0.355447	0.3663	0.363587
13491	0.425994	0.436847	0.434134
13520	0.401574	0.412427	0.404287
13531	0.444987	0.453127	0.43956
13540	0.43956	0.4477	0.43142
13552	0.47212	0.499254	0.49654
13561	0.444987	0.45584	0.453127
13581	0.26048	0.263194	0.2442
13591	0.2442	0.249627	0.23606
13599	0.10582	0.108533	0.100393
13611	0.15466	0.173654	0.160087
13641	0.184507	0.200787	0.168227
13651	-0.021707	-0.00814	-0.013567
13661	-0.029847	-0.018993	-0.03256
13684	-0.108533	-0.10582	-0.11396
13701	-0.021707	-0.002713	-0.00814
13723	-0.328314	-0.322887	-0.331027
13730	-0.347307	-0.344594	-0.35816
13742	-0.3663	-0.347307	-0.352734
13752	-0.425994	-0.41514	-0.420567
13765	-0.371727	-0.369014	-0.379867
13790	-0.35002	-0.34188	-0.352734
13802	-0.3256	-0.303894	-0.306607
13821	-0.287614	-0.2849	-0.306607
13851	-0.21978	-0.214354	-0.225207
13860	-0.265907	-0.257767	-0.271334
13871	-0.30118	-0.287614	-0.30118
13882	-0.425994	-0.42328	-0.436847
13902	-0.510107	-0.499254	-0.504681
13910	-0.529101	-0.515534	-0.518247
13932	-0.605074	-0.591507	-0.596934
13940	-0.662054	-0.656627	-0.662054
13961	-0.710894	-0.708181	-0.716321
13971	-0.664767	-0.648487	-0.651201
13991	-0.691901	-0.681047	-0.686474
14002	-0.705467	-0.697327	-0.700041
14011	-0.694614	-0.691901	-0.694614
14031	-0.678334	-0.659341	-0.664767
14042	-0.708181	-0.697327	-0.705467
14052	-0.700041	-0.697327	-0.708181
14080	-0.697327	-0.686474	-0.691901
14091	-0.702754	-0.683761	-0.689187
14102	-0.545381	-0.526387	-0.534527
14112	-0.542667	-0.534527	-0.545381
14131	-0.537241	-0.526387	-0.529101
14142	-0.417854	-0.409714	-0.41514
14250	3.24244	3.24786	3.2343
14290	2.39859	2.40673	2.40402
14300	2.22222	2.22765	2.21951
14311	2.05128	2.06485	2.06214
14323	1.95089	1.95632	1.95089
14352	1.43264	1.43535	1.41365
14370	1.04192	1.05006	1.04735
14381	0.857414	0.860128	0.849274
14389	0.773301	0.776014	0.773301
14401	0.743454	0.765161	0.762447
14411	0.602361	0.605074	0.594221
14422	0.599647	0.605074	0.586081
14441	0.425994	0.43142	0.425994
14461	0.287614	0.29304	0.279474
14469	0.198074	0.200787	0.198074
14481	0.08954	0.094967	0.084113
14490	0.08954	0.100393	0.094967
14501	0.11396	0.1221	0.103107
14521	0.043413	0.051553	0.046127
14531	-0.03256	-0.027133	-0.03256
14541	0.03256	0.0407	0.03256
14550	-0.005427	0.002713	0
14560	0	0.00814	-0.002713
14570	-0.103107	-0.084113	-0.086827
14581	-0.119387	-0.111247	-0.119387
14590	-0.160087	-0.149233	-0.151947
14602	-0.26862	-0.265907	-0.274047
14630	-0.507394	-0.49654	-0.501967
14642	-0.613214	-0.607787	-0.624067
14660	-0.569801	-0.553521	-0.558947
14683	-0.873694	-0.862841	-0.868268
14701	-0.911681	-0.906254	-0.911681
14721	-1.00122	-0.993081	-1.00665
14732	-1.07991	-1.06905	-1.07448
14762	-1.1396	-1.13146	-1.14231
14782	-1.10161	-1.08805	-1.09619
14793	-1.00393	-0.998508	-1.00936
14840	0.111247	0.124813	0.116673
14849	-0.010853	-0.002713	-0.00814
14861	-0.206214	-0.19536	-0.206214
14870	-0.347307	-0.344594	-0.35002
14892	-0.499254	-0.49654	-0.504681
14911	-0.542667	-0.529101	-0.534527
14921	-0.596934	-0.588794	-0.594221
14931	-0.683761	-0.681047	-0.683761
14971	-1.19929	-1.18844	-1.19387
14999	-1.50862	-1.50319	-1.51133
15011	-1.73382	-1.72297	-1.72568
15030	-1.88034	-1.87763	-1.88034
15044	-1.9726	-1.96988	-1.9726
15070	-1.96446	-1.96174	-1.96988
15091	-2.11911	-2.10826	-2.11097
15100	-2.18424	-2.18152	-2.18966
15130	-2.41758	-2.41216	-2.4203
15142	-2.34704	-2.3389	-2.34161
15160	-2.5424	-2.53968	-2.55054
15170	-2.61566	-2.61023	-2.61837
15181	-2.56953	-2.55325	-2.56139
15192	-2.71605	-2.7052	-2.71062
15229	-2.83272	-2.83001	-2.83544
15253	-2.84086	-2.83001	-2.83272
15272	-2.99281	-2.98738	-2.9901
15293	-2.97924	-2.97653	-2.98467
15301	-2.98738	-2.98467	-2.99281
15321	-3.18546	-3.18274	-3.19088
15381	-3.83394	-3.82852	-3.83666
15392	-3.82852	-3.8258	-3.83123
15410	-3.90992	-3.89635	-3.89906
15430	-3.95604	-3.94519	-3.95062
15442	-4.20024	-4.19753	-4.20296
15451	-4.23009	-4.21924	-4.22195
15460	-4.28978	-4.28707	-4.28978
15471	-4.32506	-4.31963	-4.33048
15483	-4.39832	-4.3956	-4.39832
15503	-4.45258	-4.44444	-4.44716
15520	-4.54755	-4.53941	-4.54484
15532	-4.59096	-4.58825	-4.59096
15540	-4.52313	-4.50957	-4.51228
15552	-4.477	-4.46886	-4.477
15572	-4.44173	-4.4363	-4.44444
15579	-4.51228	-4.50957	-4.51228
15591	-4.57197	-4.56383	-4.56654
15600	-4.63166	-4.62624	-4.63166
15611	-4.71035	-4.70764	-4.72392
15622	-4.72121	-4.71849	-4.73206
15639	-4.58825	-4.58554	-4.5991
15651	-4.8433	-4.83788	-4.84059
15663	-4.59639	-4.59368	-4.61267
15675	-4.67237	-4.66965	-4.67237
15710	-4.53399	-4.52042	-4.52585
15722	-4.59368	-4.59096	-4.59639
15732	-4.50414	-4.50143	-4.51228
15763	-4.39289	-4.38746	-4.39289
15831	-4.477	-4.46615	-4.46886
15842	-4.44444	-4.43359	-4.44173
15851	-4.477	-4.47158	-4.477
15861	-4.40917	-4.40646	-4.41731
15872	-4.36033	-4.3549	-4.36304
15890	-4.43088	-4.42545	-4.42816
15900	-4.40374	-4.39832	-4.40374
15911	-4.42274	-4.41188	-4.4146
15930	-4.47158	-4.46886	-4.47429
15941	-4.46615	-4.46072	-4.47158
15952	-4.46072	-4.45801	-4.46344
15962	-4.50414	-4.49328	-4.496
15971	-4.52042	-4.51228	-4.51499
16002	-4.5584	-4.54755	-4.55026
16021	-4.56926	-4.56654	-4.57468
16033	-4.49328	-4.48243	-4.48786
16060	-4.49328	-4.48786	-4.49328
16119	-4.34948	-4.34134	-4.3549
16130	-4.6398	-4.63438	-4.6398
16142	-4.53941	-4.52856	-4.53941
16180	-4.44444	-4.44173	-4.44444
16200	-4.48514	-4.477	-4.48243
16251	-4.36847	-4.36576	-4.38204
16262	-4.40917	-4.40646	-4.41731
16272	-4.35219	-4.33862	-4.34676
16282	-4.50414	-4.496	-4.50143
16292	-4.53941	-4.52585	-4.53127
16323	-4.64794	-4.64523	-4.64794
16331	-4.59639	-4.58825	-4.59096
16362	-4.58282	-4.5774	-4.58011
16370	-4.57197	-4.56654	-4.57468
16401	-4.64252	-4.62895	-4.63166
16411	-4.54755	-4.53941	-4.54213
16433	-4.50414	-4.496	-4.49871
16453	-4.477	-4.47158	-4.477
16470	-4.52313	-4.52042	-4.53127
16482	-4.49871	-4.48786	-4.49057
16491	-4.50143	-4.496	-4.50414
16511	-4.496	-4.49328	-4.50143
16521	-4.477	-4.47158	-4.47972
16531	-4.39832	-4.38746	-4.39289
16543	-4.49871	-4.496	-4.50414
16562	-4.49871	-4.49057	-4.49328
16569	-4.5367	-4.53399	-4.5367
16582	-4.51499	-4.50957	-4.51771
16593	-4.46072	-4.45258	-4.45801
16603	-4.33862	-4.3332	-4.34676
16651	-4.38204	-4.3739	-4.38746
16691	-4.39018	-4.38746	-4.39018
16701	-4.36033	-4.35762	-4.36576
16712	-4.42274	-4.41731	-4.42002
16721	-4.32234	-4.31963	-4.32234
16754	-4.11613	-4.11342	-4.11884
16760	-4.1297	-4.12698	-4.13241
16769	-4.14055	-4.13512	-4.14055
16780	-4.18939	-4.17854	-4.18125
16792	-4.30606	-4.30335	-4.3142
16803	-4.27893	-4.27079	-4.28707
16832	-4.2925	-4.28436	-4.28707
16842	-4.24908	-4.24366	-4.24908
16860	-4.2735	-4.26808	-4.2735
16871	-4.25722	-4.24637	-4.24908
16881	-4.28164	-4.27622	-4.28436
16900	-4.22466	-4.21924	-4.22466
16921	-4.22466	-4.21924	-4.22466
16931	-4.24637	-4.24366	-4.24637
16943	-4.2518	-4.24908	-4.2518
16970	-4.1921	-4.18668	-4.18939
16981	-4.1704	-4.16497	-4.1704
17013	-4.13784	-4.13512	-4.14055
17020	-4.1297	-4.12698	-4.1297
17032	-4.09442	-4.089	-4.09714
17051	-4.15954	-4.15683	-4.16497
17081	-4.17582	-4.1704	-4.17582
17092	-3.99674	-3.97775	-3.98046
17141	-4.10799	-4.10256	-4.11342
17150	-4.20296	-4.19753	-4.20024
17161	-4.17311	-4.16226	-4.17582
17192	-4.48786	-4.48514	-4.49328
17202	-4.44444	-4.44173	-4.44716
17223	-4.28164	-4.27893	-4.2925
17235	-4.19482	-4.18939	-4.1921
17250	-4.13241	-4.12698	-4.13241
17261	-4.19753	-4.17854	-4.18125
17272	-4.24637	-4.24094	-4.24366
17291	-4.30606	-4.30064	-4.30606
17311	-4.29792	-4.2925	-4.30064
17323	-4.22738	-4.22195	-4.23552
17336	-4.29521	-4.28978	-4.29521
17378	-4.24637	-4.24366	-4.24637
17391	-4.20296	-4.18939	-4.1921
17403	-4.17854	-4.17582	-4.18125
17421	-4.18668	-4.18125	-4.18396
17451	-4.17582	-4.1704	-4.17311
17463	-4.15683	-4.15412	-4.15954
17522	-4.09985	-4.09171	-4.09714
17531	-4.11342	-4.1107	-4.11613
17548	-4.16226	-4.15683	-4.15954
17571	-4.11342	-4.09985	-4.10256
17592	-3.78239	-3.77696	-3.80138
17643	-2.83544	-2.8273	-2.83544
17654	-2.84358	-2.84086	-2.84358
17661	-2.78388	-2.77303	-2.77574
17672	-2.75132	-2.73776	-2.74047
17683	-2.72962	-2.71605	-2.71876
17697	-2.71876	-2.71334	-2.71605
17712	-2.69434	-2.69163	-2.69434
17729	-2.52069	-2.51798	-2.5234
17760	-2.61837	-2.61566	-2.62108
17772	-2.69706	-2.69434	-2.71062
17781	-2.81916	-2.81644	-2.81916
17793	-2.85443	-2.849	-2.85714
17824	-2.78388	-2.78117	-2.7866
17841	-2.75946	-2.75675	-2.76218
17862	-2.58852	-2.5831	-2.58581
18020	1.16131	1.16402	1.15045
18072	0.35816	0.363587	0.360874
18103	-0.035273	-0.03256	-0.043413
18112	-0.108533	-0.10582	-0.108533
18120	-0.046127	-0.0407	-0.043413
18151	-0.157373	-0.143807	-0.15466
18170	-0.249627	-0.241487	-0.246914
18178	-0.287614	-0.279474	-0.282187
18192	-0.322887	-0.31746	-0.3256
18230	-0.347307	-0.339167	-0.344594
18240	-0.46398	-0.461267	-0.466694
18281	-0.889974	-0.881834	-0.887261
18291	-0.984941	-0.982228	-0.990368
18311	-1.02021	-1.00936	-1.01207
18332	-1.0582	-1.05549	-1.06905
18350	-1.12332	-1.12061	-1.13146
18381	-1.26984	-1.26713	-1.27527
18399	-1.31868	-1.31597	-1.31868
18432	-1.40822	-1.4028	-1.40551
18485	-1.55746	-1.55474	-1.56017
18513	-1.61444	-1.60358	-1.60901
18533	-1.69041	-1.68769	-1.69312
18550	-1.74467	-1.73653	-1.73925
18562	-1.65785	-1.65242	-1.65514
18570	-1.59273	-1.58187	-1.59001
18591	-1.82879	-1.82607	-1.8315
18600	-1.80708	-1.80437	-1.81251
18612	-1.78266	-1.77452	-1.77995
18634	-1.81251	-1.80708	-1.81522
18662	-1.88034	-1.87492	-1.88305
18674	-1.77723	-1.77181	-1.78266
18704	-1.72839	-1.72026	-1.72568
18720	-1.69583	-1.67684	-1.67955
18730	-1.88305	-1.88034	-1.88305
18742	-1.89933	-1.89662	-1.90205
18763	-2.06485	-2.06214	-2.06485
18771	-2.10012	-2.09741	-2.10555
18792	-2.18424	-2.18152	-2.18966
18821	-2.24122	-2.23579	-2.2385
18872	-2.33076	-2.32262	-2.32533
18903	-2.32804	-2.32262	-2.33347
18912	-2.3606	-2.35518	-2.3606
18938	-2.39859	-2.39588	-2.39859
18952	-2.42844	-2.41758	-2.4203
18970	-2.32804	-2.3199	-2.33347
19064	-2.40673	-2.40402	-2.41216
19090	-2.55054	-2.54511	-2.55596
19102	-2.65093	-2.64822	-2.65093
19107	-2.67535	-2.67264	-2.67806
19124	-2.58581	-2.5831	-2.59124
19142	-2.54511	-2.53968	-2.55325
19184	-2.58581	-2.5831	-2.59395
19211	-2.4827	-2.47999	-2.48542
19232	-2.5641	-2.56139	-2.56682
19263	-2.77846	-2.77574	-2.77846
19271	-2.74318	-2.73776	-2.74318
19282	-2.72148	-2.71876	-2.7269
19303	-2.76489	-2.76218	-2.77032
19321	-2.76489	-2.75675	-2.76218
19351	-2.77574	-2.77303	-2.77846
19382	-2.81102	-2.8083	-2.81373
19392	-2.78931	-2.7866	-2.79745
19401	-2.868	-2.86257	-2.86528
19422	-2.84358	-2.83544	-2.84358
19451	-2.89784	-2.88699	-2.8897
19465	-2.8897	-2.88428	-2.88699
19473	-2.82187	-2.81102	-2.81644
19487	-2.84086	-2.83815	-2.84086
19512	-2.94397	-2.93583	-2.94397
19525	-2.9304	-2.92769	-2.9304
19553	-2.849	-2.84629	-2.85172
19561	-2.75946	-2.74861	-2.75675
19586	-2.94668	-2.94126	-2.94397
19591	-2.94668	-2.94397	-2.94668
19622	-2.95754	-2.95482	-2.96296
19652	-2.91684	-2.91412	-2.91684
19683	-2.76218	-2.75675	-2.76489
19692	-2.71876	-2.71062	-2.71605
19703	-2.63736	-2.63194	-2.63736
19730	-2.65907	-2.65636	-2.66721
19743	-2.80559	-2.79202	-2.79474
19762	-2.86528	-2.85986	-2.86528
19772	-2.86528	-2.85443	-2.85986
19791	-2.88428	-2.87885	-2.88156
19821	-2.88156	-2.87885	-2.88156
19844	-2.87614	-2.87342	-2.87614
19892	-2.85714	-2.85172	-2.85443
19902	-2.75675	-2.75404	-2.75675
19916	-2.53968	-2.53697	-2.53968
19967	-1.17487	-1.17216	-1.17487
