27
81
91
103
135
163
189
199
203
221
243
247
273
297
305
309
351
371
377
397
405
421
455
459
489
513
515
551
559
567
597
609
621
637
663
675
721
729
741
757
779
783
815
819
837
883
891
915
927
945
991
995
999
1001
1015
1021
1053
1079
1087
1105
1107
1113
1123
1131
1133
1141
1161
1183
1189
1191
1199
1215
1235
1237
1263
1269
1323
1339
1351
1365
1377
1393
1421
1431
1467
1485
1521
1525
1539
1543
1545
1547
1567
1593
1609
1647
1651
1653
1677
1701
1729
1751
1753
1755
1769
1791
1793
1799
1807
1809
1827
1855
1863
1873
1883
1885
1911
1917
1919
1957
1971
1985
1989
2009
