largest exponential line index : 709
largest exponential value : 6919995.55

line	value
1		6919865.23
2		6919869.73
3		6919897.46
4		6919884.84
5		6919952.81
6		6919965.16
7		6919911.13
8		6919976.73
9		6919893.46
10		6919972.65
11		6919971.65
12		6919874.61
13		6919911.83
14		6919959.23
15		6919865.87
16		6919898.48
17		6919918.23
18		6919943.74
19		6919869.85
20		6919975.92
21		6919989.46
22		6919944.50
23		6919874.45
24		6919942.11
25		6919938.12
26		6919956.00
27		6919899.17
28		6919883.80
29		6919907.01
30		6919976.39
31		6919974.68
32		6919929.52
33		6919947.84
34		6919987.63
35		6919872.36
36		6919952.87
37		6919972.66
38		6919929.54
39		6919894.78
40		6919862.66
41		6919975.84
42		6919897.77
43		6919912.15
44		6919935.97
45		6919960.96
46		6919934.53
47		6919873.74
48		6919882.90
49		6919883.63
50		6919979.18
51		6919915.84
52		6919883.57
53		6919887.03
54		6919921.37
55		6919969.51
56		6919916.74
57		6919855.81
58		6919913.42
59		6919932.18
60		6919964.93
61		6919949.17
62		6919951.58
63		6919982.17
64		6919920.45
65		6919943.16
66		6919912.74
67		6919908.55
68		6919920.86
69		6919937.20
70		6919902.00
71		6919878.25
72		6919890.60
73		6919919.00
74		6919859.73
75		6919948.13
76		6919887.36
77		6919905.23
78		6919886.01
79		6919922.10
80		6919980.60
81		6919973.16
82		6919909.52
83		6919958.70
84		6919872.05
85		6919945.93
86		6919982.20
87		6919894.15
88		6919958.45
89		6919966.87
90		6919867.67
91		6919862.03
92		6919990.37
93		6919921.94
94		6919864.23
95		6919971.12
96		6919974.75
97		6919897.75
98		6919947.79
99		6919884.45
100		6919932.07
101		6919862.54
102		6919905.60
103		6919899.58
104		6919955.52
105		6919962.32
106		6919916.10
107		6919962.61
108		6919956.90
109		6919962.90
110		6919991.68
111		6919910.49
112		6919952.99
113		6919958.26
114		6919910.93
115		6919904.84
116		6919881.50
117		6919921.75
118		6919898.22
119		6919912.36
120		6919898.99
121		6919882.20
122		6919874.63
123		6919873.30
124		6919867.83
125		6919870.83
126		6919980.24
127		6919868.74
128		6919982.96
129		6919973.77
130		6919885.63
131		6919954.40
132		6919901.15
133		6919935.49
134		6919971.15
135		6919984.67
136		6919964.85
137		6919907.55
138		6919953.54
139		6919876.85
140		6919868.47
141		6919954.28
142		6919987.95
143		6919866.55
144		6919976.20
145		6919895.40
146		6919865.83
147		6919916.59
148		6919925.38
149		6919862.75
150		6919956.74
151		6919960.14
152		6919966.25
153		6919913.31
154		6919930.14
155		6919986.09
156		6919885.37
157		6919933.53
158		6919974.21
159		6919950.00
160		6919877.73
161		6919938.79
162		6919980.84
163		6919917.65
164		6919856.35
165		6919918.22
166		6919869.75
167		6919896.15
168		6919958.60
169		6919928.02
170		6919889.20
171		6919968.61
172		6919994.62
173		6919884.63
174		6919923.48
175		6919980.00
176		6919964.51
177		6919936.91
178		6919947.27
179		6919880.70
180		6919902.75
181		6919919.12
182		6919944.84
183		6919942.68
184		6919975.71
185		6919938.91
186		6919966.93
187		6919972.18
188		6919952.06
189		6919901.16
190		6919982.32
191		6919990.83
192		6919929.83
193		6919950.56
194		6919900.45
195		6919939.33
196		6919971.73
197		6919973.47
198		6919900.51
199		6919956.86
200		6919951.28
201		6919889.63
202		6919884.58
203		6919895.26
204		6919974.58
205		6919927.85
206		6919983.77
207		6919862.70
208		6919936.35
209		6919972.83
210		6919929.11
211		6919967.01
212		6919880.89
213		6919883.25
214		6919874.51
215		6919864.61
216		6919952.20
217		6919888.34
218		6919870.18
219		6919864.44
220		6919976.30
221		6919932.14
222		6919916.56
223		6919891.77
224		6919920.07
225		6919925.92
226		6919927.85
227		6919903.54
228		6919888.13
229		6919866.12
230		6919969.80
231		6919917.24
232		6919861.62
233		6919869.96
234		6919947.21
235		6919930.66
236		6919869.70
237		6919862.89
238		6919909.72
239		6919956.80
240		6919933.91
241		6919903.58
242		6919983.82
243		6919974.89
244		6919965.21
245		6919893.73
246		6919916.64
247		6919901.84
248		6919908.41
249		6919915.55
250		6919957.88
251		6919966.42
252		6919978.35
253		6919940.53
254		6919942.44
255		6919943.96
256		6919890.89
257		6919885.78
258		6919954.31
259		6919963.73
260		6919886.62
261		6919900.78
262		6919975.70
263		6919937.48
264		6919990.63
265		6919866.95
266		6919874.14
267		6919863.28
268		6919957.50
269		6919983.66
270		6919881.05
271		6919887.44
272		6919957.95
273		6919915.35
274		6919985.26
275		6919905.88
276		6919959.94
277		6919853.63
278		6919976.49
279		6919942.95
280		6919902.95
281		6919918.84
282		6919966.26
283		6919904.14
284		6919856.89
285		6919941.51
286		6919956.92
287		6919926.33
288		6919982.32
289		6919982.51
290		6919910.61
291		6919922.76
292		6919870.69
293		6919977.32
294		6919933.37
295		6919931.08
296		6919961.63
297		6919915.53
298		6919960.90
299		6919964.54
300		6919880.56
301		6919909.20
302		6919916.59
303		6919961.59
304		6919972.47
305		6919906.12
306		6919862.58
307		6919930.55
308		6919909.93
309		6919946.85
310		6919956.61
311		6919926.06
312		6919948.93
313		6919932.87
314		6919948.31
315		6919963.39
316		6919924.96
317		6919981.95
318		6919875.21
319		6919878.61
320		6919983.92
321		6919883.23
322		6919941.99
323		6919930.78
324		6919874.55
325		6919865.28
326		6919901.76
327		6919936.13
328		6919933.50
329		6919936.65
330		6919960.78
331		6919916.01
332		6919923.74
333		6919959.21
334		6919933.21
335		6919948.68
336		6919948.21
337		6919891.23
338		6919900.06
339		6919947.65
340		6919960.10
341		6919933.62
342		6919892.63
343		6919977.88
344		6919951.74
345		6919861.53
346		6919951.53
347		6919946.91
348		6919927.20
349		6919940.03
350		6919977.81
351		6919945.88
352		6919921.46
353		6919871.72
354		6919961.56
355		6919886.18
356		6919947.77
357		6919853.79
358		6919912.40
359		6919954.51
360		6919948.06
361		6919946.28
362		6919909.69
363		6919976.69
364		6919869.72
365		6919887.86
366		6919963.23
367		6919892.08
368		6919952.44
369		6919913.73
370		6919860.38
371		6919874.50
372		6919886.67
373		6919985.60
374		6919941.89
375		6919898.06
376		6919959.47
377		6919860.34
378		6919978.47
379		6919873.35
380		6919918.29
381		6919870.59
382		6919895.57
383		6919916.68
384		6919950.67
385		6919963.39
386		6919976.97
387		6919942.38
388		6919966.04
389		6919980.23
390		6919976.59
391		6919917.76
392		6919910.07
393		6919983.09
394		6919866.14
395		6919931.34
396		6919882.13
397		6919862.64
398		6919903.29
399		6919924.02
400		6919865.00
401		6919856.10
402		6919909.35
403		6919982.30
404		6919955.56
405		6919984.11
406		6919875.10
407		6919951.48
408		6919855.79
409		6919975.54
410		6919949.43
411		6919900.43
412		6919934.07
413		6919928.96
414		6919947.65
415		6919935.02
416		6919859.75
417		6919947.50
418		6919917.04
419		6919881.95
420		6919975.58
421		6919892.04
422		6919872.75
423		6919988.64
424		6919974.32
425		6919947.60
426		6919962.05
427		6919935.81
428		6919875.88
429		6919913.55
430		6919918.79
431		6919960.70
432		6919862.12
433		6919920.58
434		6919962.27
435		6919929.14
436		6919878.73
437		6919962.59
438		6919983.72
439		6919923.63
440		6919946.74
441		6919982.24
442		6919890.37
443		6919923.69
444		6919979.45
445		6919893.49
446		6919895.22
447		6919922.11
448		6919942.37
449		6919875.17
450		6919931.92
451		6919868.12
452		6919878.15
453		6919877.05
454		6919912.14
455		6919919.55
456		6919944.07
457		6919885.02
458		6919981.17
459		6919890.09
460		6919960.59
461		6919964.58
462		6919902.16
463		6919937.61
464		6919983.55
465		6919979.69
466		6919923.31
467		6919875.46
468		6919884.80
469		6919976.25
470		6919910.10
471		6919991.85
472		6919870.98
473		6919890.14
474		6919963.35
475		6919859.44
476		6919986.46
477		6919932.32
478		6919897.57
479		6919897.98
480		6919943.20
481		6919855.77
482		6919931.74
483		6919943.77
484		6919973.27
485		6919961.52
486		6919984.04
487		6919880.73
488		6919929.37
489		6919946.19
490		6919954.30
491		6919979.84
492		6919974.00
493		6919878.73
494		6919890.02
495		6919969.58
496		6919866.77
497		6919951.45
498		6919928.76
499		6919978.92
500		6919908.51
501		6919920.51
502		6919967.71
503		6919907.78
504		6919921.82
505		6919868.83
506		6919939.88
507		6919874.91
508		6919977.10
509		6919921.85
510		6919856.94
511		6919905.05
512		6919929.50
513		6919965.01
514		6919932.51
515		6919853.16
516		6919906.69
517		6919929.63
518		6919961.01
519		6919920.45
520		6919875.78
521		6919891.76
522		6919910.39
523		6919954.51
524		6919907.93
525		6919869.56
526		6919931.21
527		6919976.41
528		6919917.73
529		6919860.66
530		6919909.10
531		6919880.55
532		6919947.32
533		6919947.82
534		6919892.73
535		6919963.72
536		6919860.14
537		6919958.87
538		6919869.43
539		6919981.17
540		6919975.25
541		6919923.30
542		6919945.97
543		6919964.18
544		6919901.01
545		6919963.27
546		6919983.13
547		6919926.84
548		6919917.52
549		6919926.39
550		6919943.48
551		6919929.68
552		6919929.14
553		6919912.68
554		6919901.29
555		6919969.64
556		6919952.55
557		6919910.76
558		6919913.49
559		6919866.26
560		6919935.42
561		6919877.90
562		6919877.69
563		6919884.72
564		6919959.04
565		6919961.46
566		6919878.02
567		6919942.19
568		6919861.98
569		6919942.36
570		6919876.40
571		6919961.82
572		6919887.98
573		6919945.20
574		6919930.47
575		6919979.64
576		6919923.75
577		6919896.40
578		6919992.80
579		6919902.02
580		6919983.84
581		6919875.47
582		6919923.62
583		6919922.34
584		6919990.75
585		6919886.58
586		6919929.88
587		6919948.77
588		6919983.75
589		6919946.89
590		6919861.67
591		6919929.29
592		6919928.15
593		6919877.93
594		6919886.69
595		6919878.81
596		6919921.29
597		6919867.93
598		6919934.23
599		6919883.49
600		6919960.95
601		6919963.90
602		6919907.40
603		6919980.95
604		6919881.92
605		6919906.30
606		6919965.82
607		6919865.85
608		6919881.11
609		6919905.37
610		6919972.16
611		6919955.36
612		6919961.27
613		6919925.78
614		6919918.92
615		6919969.76
616		6919947.89
617		6919865.74
618		6919920.81
619		6919931.92
620		6919911.22
621		6919878.98
622		6919962.66
623		6919928.96
624		6919938.03
625		6919925.77
626		6919947.58
627		6919901.17
628		6919902.38
629		6919975.75
630		6919988.58
631		6919934.61
632		6919911.39
633		6919925.03
634		6919970.33
635		6919939.26
636		6919859.93
637		6919962.25
638		6919956.35
639		6919899.49
640		6919936.49
641		6919893.34
642		6919951.80
643		6919872.11
644		6919901.64
645		6919973.52
646		6919850.44
647		6919934.18
648		6919872.01
649		6919866.87
650		6919904.44
651		6919923.41
652		6919913.96
653		6919971.70
654		6919964.21
655		6919918.59
656		6919881.43
657		6919907.46
658		6919976.76
659		6919860.84
660		6919915.92
661		6919909.04
662		6919922.35
663		6919876.17
664		6919892.47
665		6919887.29
666		6919975.70
667		6919882.69
668		6919980.42
669		6919892.54
670		6919950.25
671		6919864.47
672		6919979.99
673		6919907.08
674		6919854.90
675		6919914.21
676		6919964.64
677		6919942.99
678		6919889.27
679		6919881.19
680		6919895.55
681		6919918.84
682		6919912.75
683		6919964.80
684		6919874.42
685		6919895.89
686		6919909.73
687		6919913.86
688		6919905.42
689		6919856.51
690		6919864.95
691		6919920.09
692		6919860.99
693		6919945.21
694		6919894.10
695		6919854.58
696		6919931.83
697		6919957.12
698		6919947.89
699		6919946.52
700		6919898.51
701		6919977.13
702		6919963.21
703		6919931.36
704		6919946.40
705		6919978.12
706		6919974.54
707		6919905.46
708		6919914.41
709		6919995.55
710		6919930.52
711		6919950.81
712		6919933.62
713		6919949.00
714		6919958.73
715		6919979.06
716		6919958.17
717		6919928.90
718		6919962.14
719		6919945.38
720		6919906.89
721		6919947.41
722		6919921.09
723		6919966.44
724		6919920.59
725		6919883.56
726		6919971.02
727		6919928.33
728		6919938.15
729		6919962.68
730		6919928.30
731		6919930.01
732		6919882.96
733		6919867.99
734		6919901.54
735		6919976.97
736		6919970.30
737		6919869.44
738		6919934.60
739		6919935.46
740		6919928.18
741		6919868.02
742		6919860.70
743		6919927.41
744		6919877.80
745		6919960.94
746		6919963.47
747		6919961.31
748		6919954.02
749		6919970.50
750		6919891.85
751		6919924.06
752		6919934.79
753		6919942.73
754		6919893.31
755		6919920.14
756		6919990.48
757		6919883.96
758		6919883.09
759		6919977.50
760		6919940.35
761		6919914.50
762		6919939.32
763		6919979.37
764		6919976.68
765		6919976.12
766		6919928.04
767		6919925.83
768		6919968.48
769		6919875.14
770		6919917.28
771		6919951.70
772		6919890.57
773		6919897.39
774		6919872.08
775		6919976.79
776		6919895.69
777		6919885.23
778		6919963.60
779		6919967.70
780		6919869.50
781		6919940.74
782		6919859.07
783		6919872.12
784		6919881.76
785		6919885.73
786		6919963.89
787		6919934.36
788		6919958.05
789		6919965.47
790		6919944.53
791		6919927.07
792		6919964.61
793		6919959.23
794		6919889.15
795		6919869.83
796		6919966.52
797		6919969.17
798		6919947.73
799		6919934.51
800		6919961.32
801		6919895.11
802		6919932.76
803		6919864.48
804		6919981.66
805		6919957.68
806		6919971.82
807		6919982.52
808		6919896.54
809		6919980.59
810		6919970.68
811		6919915.95
812		6919888.50
813		6919863.61
814		6919907.08
815		6919970.39
816		6919909.77
817		6919902.12
818		6919911.54
819		6919907.29
820		6919873.49
821		6919921.14
822		6919925.43
823		6919922.49
824		6919915.77
825		6919893.22
826		6919948.88
827		6919887.95
828		6919861.39
829		6919987.82
830		6919868.96
831		6919902.31
832		6919877.04
833		6919966.04
834		6919895.47
835		6919954.49
836		6919965.48
837		6919949.39
838		6919940.60
839		6919874.15
840		6919907.80
841		6919926.76
842		6919913.15
843		6919936.82
844		6919915.38
845		6919894.54
846		6919930.66
847		6919972.41
848		6919921.18
849		6919938.52
850		6919887.52
851		6919887.42
852		6919898.83
853		6919886.67
854		6919856.67
855		6919857.72
856		6919960.90
857		6919882.90
858		6919875.92
859		6919948.05
860		6919968.23
861		6919940.99
862		6919953.88
863		6919987.55
864		6919976.94
865		6919882.70
866		6919973.68
867		6919980.58
868		6919870.87
869		6919930.62
870		6919943.76
871		6919908.87
872		6919976.08
873		6919979.96
874		6919935.75
875		6919959.14
876		6919966.17
877		6919934.76
878		6919948.17
879		6919927.48
880		6919950.76
881		6919883.64
882		6919921.82
883		6919882.55
884		6919915.13
885		6919911.85
886		6919904.58
887		6919921.21
888		6919867.26
889		6919937.71
890		6919966.48
891		6919956.76
892		6919940.53
893		6919982.76
894		6919899.55
895		6919957.75
896		6919922.16
897		6919900.94
898		6919946.55
899		6919868.90
900		6919985.25
901		6919922.28
902		6919889.78
903		6919891.12
904		6919972.91
905		6919950.42
906		6919952.98
907		6919864.80
908		6919942.15
909		6919900.12
910		6919893.00
911		6919986.61
912		6919913.69
913		6919889.58
914		6919907.77
915		6919951.15
916		6919978.44
917		6919898.43
918		6919959.14
919		6919873.49
920		6919925.30
921		6919972.06
922		6919874.01
923		6919929.89
924		6919914.61
925		6919908.80
926		6919944.91
927		6919877.18
928		6919854.96
929		6919941.44
930		6919943.83
931		6919897.50
932		6919959.67
933		6919937.26
934		6919915.25
935		6919972.85
936		6919942.14
937		6919959.19
938		6919986.94
939		6919945.34
940		6919886.36
941		6919942.66
942		6919903.82
943		6919918.17
944		6919944.04
945		6919870.36
946		6919907.01
947		6919986.66
948		6919991.76
949		6919883.51
950		6919953.16
951		6919859.44
952		6919926.37
953		6919892.63
954		6919880.30
955		6919914.16
956		6919936.43
957		6919983.37
958		6919900.15
959		6919872.11
960		6919970.15
961		6919901.44
962		6919898.22
963		6919968.95
964		6919971.96
965		6919904.23
966		6919954.36
967		6919925.11
968		6919925.79
969		6919945.75
970		6919948.41
971		6919873.23
972		6919964.24
973		6919976.47
974		6919891.53
975		6919896.32
976		6919968.60
977		6919981.38
978		6919921.00
979		6919882.58
980		6919964.00
981		6919873.96
982		6919900.81
983		6919944.25
984		6919885.15
985		6919980.65
986		6919899.94
987		6919930.73
988		6919903.46
989		6919869.57
990		6919894.31
991		6919877.13
992		6919876.17
993		6919944.52
994		6919959.65
995		6919854.26
996		6919897.82
997		6919988.73
998		6919889.92
999		6919916.17
1000		6919951.94
